<?xml version="1.0"?>
<opencv_storage>
<camera_matrix1111 type_id="opencv-matrix">
  <rows>3</rows>
  <cols>3</cols>
  <dt>f</dt>
  <data>
    5.38159912e+002 0. 3.38322968e+002 0. 5.38344543e+002
    2.36545929e+002 0. 0. 1.</data></camera_matrix1111>
</opencv_storage>
