<?xml version="1.0"?>
<opencv_storage>
<err type_id="opencv-matrix">
  <rows>378</rows>
  <cols>2</cols>
  <dt>f</dt>
  <data>
    1.71905518e-001 -4.60815430e-002 -1.96990967e-001 -8.43353271e-002
    -1.47705078e-001 -1.73812866e-001 -2.60284424e-001 -1.61987305e-001
    -2.27203369e-002 -1.11389160e-003 -8.19396973e-003 1.31156921e-001
    -2.67913818e-001 -6.71691895e-002 4.51660156e-003 1.68792725e-001
    -2.05017090e-001 -2.41256714e-001 -8.40148926e-002 1.08291626e-001
    -2.69165039e-002 -1.01455688e-001 1.30950928e-001 1.16333008e-001
    2.28790283e-001 -2.07611084e-001 -3.37524414e-002 7.77587891e-002
    9.69238281e-002 -3.05175781e-005 1.18408203e-001 7.29522705e-002
    1.18164063e-001 3.33251953e-002 -1.41601563e-002 -6.76574707e-002
    1.49047852e-001 -7.03125000e-002 3.04565430e-002 2.03582764e-001
    9.65576172e-002 8.30535889e-002 8.91723633e-002 3.35998535e-002
    1.94854736e-001 -8.72039795e-003 2.54516602e-001 -1.23481750e-001
    1.36138916e-001 -1.31530762e-002 1.49108887e-001 4.25872803e-002
    9.08813477e-002 3.73840332e-002 5.80444336e-002 9.55963135e-002
    1.64306641e-001 -1.93359375e-001 -2.94189453e-002 1.44599915e-001
    6.63146973e-002 1.62780762e-001 5.25207520e-002 2.16705322e-001
    -5.09643555e-003 -1.43417358e-001 -3.89404297e-002 1.89819336e-002
    -5.89904785e-002 1.98898315e-002 1.73950195e-002 -1.71958923e-001
    1.18408203e-002 8.16955566e-002 -2.40783691e-002 -1.20697021e-002
    -1.11846924e-001 1.63375854e-001 -9.24682617e-003 4.59594727e-002
    -5.11169434e-002 3.17687988e-002 -2.55676270e-001 -1.49444580e-001
    -2.44140625e-003 -1.19750977e-001 1.72393799e-001 1.14944458e-001
    1.41906738e-002 -5.67932129e-002 -7.56835938e-003 -1.03836060e-001
    -7.15332031e-002 -6.19964600e-002 -2.24273682e-001 -9.42535400e-002
    -2.30407715e-002 -1.02142334e-001 -7.79724121e-002 3.38867188e-001
    -1.19750977e-001 1.54464722e-001 -6.13403320e-002 1.16729736e-001
    4.73632813e-002 -1.05628967e-001 -2.35046387e-001 -1.47941589e-001
    -2.62945557e+000 3.83560181e+000 -2.10601807e-001 -6.14929199e-002
    -1.00808716e+000 2.47824097e+000 9.33227539e-002 2.07653809e+000
    -3.87573242e-002 2.01739502e+000 1.13641357e+000 3.72845459e+000
    -3.54003906e-001 -1.27636719e+000 5.81359863e-002 -1.11312866e+000
    6.80847168e-002 -1.11193848e+000 2.44293213e-001 -9.12811279e-001
    4.39544678e-001 -9.77020264e-001 7.02423096e-001 -1.13485718e+000
    -9.67102051e-002 -1.12170410e+000 1.46301270e-001 -8.44665527e-001
    1.46392822e-001 -7.37121582e-001 1.90643311e-001 -8.33251953e-001
    1.56738281e-001 -8.74267578e-001 5.18432617e-001 -9.37866211e-001
    1.64794922e-003 -9.37622070e-001 2.62390137e-001 -6.59393311e-001
    1.72973633e-001 -6.46759033e-001 1.40441895e-001 -5.46417236e-001
    1.53961182e-001 -6.74072266e-001 2.02133179e-001 -7.15118408e-001
    8.12377930e-002 -3.90563965e-001 2.47283936e-001 -3.96789551e-001
    6.25915527e-002 -1.91131592e-001 -3.66210938e-004 -2.50152588e-001
    7.16247559e-002 -3.34014893e-001 1.76116943e-001 -3.79928589e-001
    1.37207031e-001 4.21142578e-002 1.94244385e-001 1.98211670e-002
    2.46582031e-002 4.85382080e-002 -4.66003418e-002 -1.33972168e-002
    -1.05041504e-001 -6.73522949e-002 -2.03018188e-001 -9.28039551e-002
    1.86462402e-001 2.19802856e-001 2.18139648e-001 4.22576904e-001
    -1.79748535e-002 2.93792725e-001 -2.04315186e-001 1.91574097e-001
    -2.23754883e-001 8.36791992e-002 -3.91921997e-001 4.66308594e-002
    3.69750977e-001 3.72467041e-001 3.69415283e-001 3.57131958e-001
    -8.85009766e-003 1.29684448e-001 -2.35809326e-001 9.75341797e-002
    -4.83489990e-001 1.32080078e-001 -5.36102295e-001 2.31422424e-001
    6.26403809e-001 4.90325928e-001 5.74859619e-001 3.94149780e-001
    2.58178711e-002 2.59872437e-001 -2.65258789e-001 2.69088745e-001
    -5.86914063e-001 6.32019043e-002 -5.67459106e-001 7.57675171e-002
    9.90600586e-002 -2.47589111e-001 9.46655273e-002 -5.38940430e-002
    -1.38671875e-001 -1.49963379e-001 -1.40991211e-002 -3.82385254e-002
    -1.09497070e-001 1.15020752e-001 3.21960449e-002 2.24876404e-001
    -8.05053711e-002 -2.05352783e-001 -2.54821777e-003 -2.47955322e-002
    8.11767578e-003 -1.41906738e-002 -1.66839600e-001 -9.52911377e-002
    -3.78112793e-002 -1.22886658e-001 -9.91821289e-002 2.34329224e-001
    1.02966309e-001 5.11474609e-002 6.95800781e-003 -2.39105225e-002
    1.51336670e-001 -5.52825928e-002 7.65075684e-002 -1.33529663e-001
    1.01196289e-001 -2.03247070e-002 1.99127197e-001 3.85894775e-002
    1.08215332e-001 1.56524658e-001 -9.47570801e-002 1.99371338e-001
    1.23687744e-001 4.70275879e-002 1.62048340e-001 -3.27606201e-002
    1.27105713e-001 -1.02188110e-001 7.84301758e-002 9.24377441e-002
    2.98767090e-002 2.39288330e-001 2.05383301e-002 1.60797119e-001
    -5.07507324e-002 -2.99835205e-002 2.55737305e-002 -1.05270386e-001
    1.00952148e-001 -7.93609619e-002 -4.38232422e-002 -8.65325928e-002
    -6.72302246e-002 1.52618408e-001 2.44140625e-004 1.52648926e-001
    -8.67309570e-002 -2.51464844e-002 -5.94482422e-002 3.08837891e-002
    -5.51147461e-002 -3.23333740e-002 -8.65173340e-002 3.45611572e-003
    -9.69848633e-002 2.21252441e-002 -3.50036621e-002 1.42364502e-001
    7.20214844e-003 -5.84716797e-002 -4.03442383e-002 -1.87225342e-002
    -1.24481201e-001 -1.83105469e-004 -1.99768066e-001 -1.69845581e-001
    1.05285645e-002 2.96325684e-002 1.30065918e-001 1.20574951e-001
    1.33911133e-001 -2.60925293e-002 1.61315918e-001 -1.19201660e-001
    -5.22460938e-002 1.12915039e-003 -5.02319336e-002 -1.59545898e-001
    -1.11450195e-001 -5.18493652e-002 -1.26647949e-001 1.83044434e-001
    8.73413086e-002 -1.35650635e-001 4.71801758e-002 -6.73065186e-002
    2.77099609e-002 -1.25122070e-002 -2.44689941e-001 6.40563965e-002
    9.42840576e-002 -4.22973633e-001 1.05743408e-002 -7.58972168e-002
    -2.94296265e-001 7.64923096e-002 -1.15921021e-001 1.27212524e-001
    -1.35940552e-001 -9.81140137e-003 1.21368408e-001 8.81347656e-002
    -2.43530273e-002 -2.68402100e-001 -3.94897461e-002 -1.00524902e-001
    -9.63745117e-002 -1.75277710e-001 -1.33514404e-001 2.41088867e-002
    -3.41796875e-003 1.28524780e-001 5.41229248e-002 1.72821045e-001
    1.11618042e-001 -2.71026611e-001 1.04293823e-001 1.40655518e-001
    -1.13952637e-001 -1.77978516e-001 7.74230957e-002 -1.06185913e-001
    1.05438232e-001 -2.35443115e-002 1.63055420e-001 2.39303589e-001
    1.64520264e-001 -3.62243652e-002 2.08435059e-002 1.01776123e-001
    5.61523438e-002 -5.94635010e-002 8.27636719e-002 -1.38122559e-001
    7.18383789e-002 -1.88278198e-001 1.02325439e-001 -3.63159180e-003
    5.21240234e-002 5.47790527e-002 9.30480957e-002 1.01928711e-001
    -2.86560059e-002 1.77001953e-003 -1.72943115e-001 -2.13165283e-002
    -1.04736328e-001 -1.51657104e-001 4.79125977e-002 9.54055786e-002
    1.04492188e-001 2.15209961e-001 -8.94165039e-003 2.80761719e-001
    -1.33331299e-001 1.09497070e-001 -1.52374268e-001 -6.14929199e-003
    -1.25488281e-001 -1.44180298e-001 -1.17034912e-001 -9.50851440e-002
    1.06140137e-001 4.07714844e-002 9.59167480e-002 2.97515869e-001
    3.24096680e-002 -1.33926392e-001 -1.06475830e-001 -9.28955078e-002
    -1.92718506e-001 -1.75201416e-001 -2.70507813e-001 3.03726196e-002
    1.15631104e-001 -7.33032227e-002 1.64062500e-001 2.32574463e-001
    1.20086670e-001 1.58233643e-002 1.42974854e-001 3.91693115e-002
    3.71704102e-002 9.13085938e-002 -9.17053223e-002 -9.77630615e-002
    1.27258301e-001 -1.44927979e-001 1.45568848e-001 1.14410400e-001
    3.93066406e-002 5.62896729e-002 1.28173828e-002 7.23419189e-002
    -1.26342773e-001 4.53643799e-002 -2.17529297e-001 1.72431946e-001
    4.71267700e-001 -4.56085205e-002 1.26312256e-001 -9.03854370e-002
    2.82745361e-001 -1.71676636e-001 1.14746094e-002 -2.09793091e-001
