% Intrinsic and Extrinsic Camera Parameters
%
% This script file can be directly executed under Matlab to recover the camera intrinsic and extrinsic parameters.
% IMPORTANT: This file contains neither the structure of the calibration objects nor the image coordinates of the calibration points.
%            All those complementary variables are saved in the complete matlab data file Calib_Results.mat.
% For more information regarding the calibration model visit http://www.vision.caltech.edu/bouguetj/calib_doc/


%-- Focal length:
fc = [ 545.492590621620020 ; 548.943224295628740 ];

%-- Principal point:
cc = [ 319.884108566687300 ; 238.002575756029130 ];

%-- Skew coefficient:
alpha_c = 0.000000000000000;

%-- Distortion coefficients:
kc = [ -0.351494028388910 ; 0.375746694587475 ; 0.000000000000000 ; -0.000000000000000 ; 0.000000000000000 ];

%-- Focal length uncertainty:
fc_error = [ 5.221561263014189 ; 5.286846839372504 ];

%-- Principal point uncertainty:
cc_error = [ 4.515463048014521 ; 5.233618979443035 ];

%-- Skew coefficient uncertainty:
alpha_c_error = 0.000000000000000;

%-- Distortion coefficients uncertainty:
kc_error = [ 0.021151909324582 ; 0.059137793856111 ; 0.000000000000000 ; 0.000000000000000 ; 0.000000000000000 ];

%-- Image size:
nx = 640;
ny = 480;


%-- Various other variables (may be ignored if you do not use the Matlab Calibration Toolbox):
%-- Those variables are used to control which intrinsic parameters should be optimized

n_ima = 28;						% Number of calibration images
est_fc = [ 1 ; 1 ];					% Estimation indicator of the two focal variables
est_aspect_ratio = 1;				% Estimation indicator of the aspect ratio fc(2)/fc(1)
center_optim = 1;					% Estimation indicator of the principal point
est_alpha = 0;						% Estimation indicator of the skew coefficient
est_dist = [ 1 ; 1 ; 0 ; 0 ; 0 ];	% Estimation indicator of the distortion coefficients


%-- Extrinsic parameters:
%-- The rotation (omc_kk) and the translation (Tc_kk) vectors for every calibration image and their uncertainties

%-- Image #1:
omc_1 = [ -1.970117e+00 ; -1.992989e+00 ; 1.288132e-01 ];
Tc_1  = [ -7.000780e+01 ; -1.326951e+02 ; 4.901749e+02 ];
omc_error_1 = [ 1.596932e-02 ; 1.805996e-02 ; 3.355465e-02 ];
Tc_error_1  = [ 4.167869e+00 ; 4.734970e+00 ; 5.414090e+00 ];

%-- Image #2:
omc_2 = [ -1.596629e+00 ; -1.865099e+00 ; -4.806757e-01 ];
Tc_2  = [ -3.573332e+01 ; -8.227572e+01 ; 2.740654e+02 ];
omc_error_2 = [ 7.734937e-03 ; 9.593737e-03 ; 1.444094e-02 ];
Tc_error_2  = [ 2.329643e+00 ; 2.686859e+00 ; 3.320164e+00 ];

%-- Image #3:
omc_3 = [ 1.729040e+00 ; 2.509990e+00 ; -5.226490e-01 ];
Tc_3  = [ -3.225338e+01 ; -1.220627e+02 ; 3.909729e+02 ];
omc_error_3 = [ 9.407663e-03 ; 1.173003e-02 ; 2.030006e-02 ];
Tc_error_3  = [ 3.240782e+00 ; 3.708536e+00 ; 3.856721e+00 ];

%-- Image #4:
omc_4 = [ -2.124197e+00 ; -2.127364e+00 ; 4.148832e-01 ];
Tc_4  = [ -1.013913e+02 ; -8.246658e+01 ; 4.073774e+02 ];
omc_error_4 = [ 1.132488e-02 ; 1.105266e-02 ; 2.493589e-02 ];
Tc_error_4  = [ 3.400412e+00 ; 3.904479e+00 ; 4.131667e+00 ];

%-- Image #5:
omc_5 = [ 2.202106e+00 ; 1.764442e+00 ; -6.161794e-01 ];
Tc_5  = [ -5.925726e+01 ; -1.042109e+02 ; 3.943473e+02 ];
omc_error_5 = [ 1.023610e-02 ; 8.645026e-03 ; 1.686557e-02 ];
Tc_error_5  = [ 3.326522e+00 ; 3.720473e+00 ; 3.498857e+00 ];

%-- Image #6:
omc_6 = [ -1.835388e+00 ; -2.045769e+00 ; 3.736184e-01 ];
Tc_6  = [ 8.652774e+01 ; -9.833941e+01 ; 4.758950e+02 ];
omc_error_6 = [ 1.631604e-02 ; 1.995464e-02 ; 3.310291e-02 ];
Tc_error_6  = [ 4.334627e+00 ; 4.630154e+00 ; 5.579228e+00 ];

%-- Image #7:
omc_7 = [ -1.717132e+00 ; -2.381352e+00 ; 4.692504e-01 ];
Tc_7  = [ -9.032849e+01 ; -1.314446e+02 ; 5.291006e+02 ];
omc_error_7 = [ 1.323430e-02 ; 1.352989e-02 ; 2.618297e-02 ];
Tc_error_7  = [ 4.465650e+00 ; 5.120424e+00 ; 5.627048e+00 ];

%-- Image #8:
omc_8 = [ 1.878256e+00 ; 2.348491e+00 ; -6.824810e-01 ];
Tc_8  = [ -2.993629e+01 ; -1.308054e+02 ; 4.284194e+02 ];
omc_error_8 = [ 8.109068e-03 ; 1.172520e-02 ; 2.156551e-02 ];
Tc_error_8  = [ 3.611707e+00 ; 4.094228e+00 ; 3.956925e+00 ];

%-- Image #9:
omc_9 = [ 1.949286e+00 ; 2.221613e+00 ; 6.351286e-01 ];
Tc_9  = [ -6.542933e+01 ; -9.856906e+01 ; 3.431641e+02 ];
omc_error_9 = [ 1.099790e-02 ; 1.089941e-02 ; 2.214458e-02 ];
Tc_error_9  = [ 2.972154e+00 ; 3.360386e+00 ; 4.581060e+00 ];

%-- Image #10:
omc_10 = [ 2.214722e+00 ; 1.993777e+00 ; 7.778805e-01 ];
Tc_10  = [ -5.101433e+01 ; -7.273425e+01 ; 2.847551e+02 ];
omc_error_10 = [ 1.070165e-02 ; 7.306057e-03 ; 1.888267e-02 ];
Tc_error_10  = [ 2.476900e+00 ; 2.781417e+00 ; 3.781752e+00 ];

%-- Image #11:
omc_11 = [ 2.100314e+00 ; 1.732219e+00 ; 5.991636e-01 ];
Tc_11  = [ -5.149810e+01 ; -1.065222e+02 ; 3.322041e+02 ];
omc_error_11 = [ 1.178200e-02 ; 8.074077e-03 ; 1.739835e-02 ];
Tc_error_11  = [ 2.852554e+00 ; 3.228289e+00 ; 4.207623e+00 ];

%-- Image #12:
omc_12 = [ 2.062742e+00 ; 2.039941e+00 ; -5.062776e-01 ];
Tc_12  = [ -7.198521e+01 ; -1.196172e+02 ; 4.055665e+02 ];
omc_error_12 = [ 9.718859e-03 ; 1.021984e-02 ; 2.040306e-02 ];
Tc_error_12  = [ 3.413564e+00 ; 3.873034e+00 ; 3.865290e+00 ];

%-- Image #13:
omc_13 = [ -2.142973e+00 ; -1.557831e+00 ; -3.334111e-01 ];
Tc_13  = [ -8.613736e+01 ; -7.343706e+01 ; 3.861979e+02 ];
omc_error_13 = [ 1.274557e-02 ; 9.731327e-03 ; 1.855367e-02 ];
Tc_error_13  = [ 3.255998e+00 ; 3.755539e+00 ; 4.705129e+00 ];

%-- Image #14:
omc_14 = [ 2.291397e+00 ; 1.868167e+00 ; 6.066180e-01 ];
Tc_14  = [ -6.689364e+01 ; -9.708771e+01 ; 3.275657e+02 ];
omc_error_14 = [ 1.269206e-02 ; 9.423527e-03 ; 2.072395e-02 ];
Tc_error_14  = [ 2.827840e+00 ; 3.230448e+00 ; 4.308007e+00 ];

%-- Image #15:
omc_15 = [ -1.996058e+00 ; -2.006110e+00 ; 1.284462e-01 ];
Tc_15  = [ -1.824145e+02 ; -1.209346e+02 ; 4.888709e+02 ];
omc_error_15 = [ 1.365762e-02 ; 1.247051e-02 ; 2.534029e-02 ];
Tc_error_15  = [ 4.135339e+00 ; 4.828030e+00 ; 5.398647e+00 ];

%-- Image #16:
omc_16 = [ -1.623161e+00 ; -1.899236e+00 ; -4.785283e-01 ];
Tc_16  = [ -1.425046e+02 ; -7.569593e+01 ; 2.793382e+02 ];
omc_error_16 = [ 9.010354e-03 ; 8.921379e-03 ; 1.356142e-02 ];
Tc_error_16  = [ 2.398395e+00 ; 2.850883e+00 ; 3.677790e+00 ];

%-- Image #17:
omc_17 = [ 1.742391e+00 ; 2.500420e+00 ; -5.272115e-01 ];
Tc_17  = [ -1.415543e+02 ; -1.129341e+02 ; 3.903464e+02 ];
omc_error_17 = [ 7.587840e-03 ; 1.238278e-02 ; 1.956559e-02 ];
Tc_error_17  = [ 3.256744e+00 ; 3.840606e+00 ; 3.950640e+00 ];

%-- Image #18:
omc_18 = [ -2.139911e+00 ; -2.121075e+00 ; 4.152432e-01 ];
Tc_18  = [ -2.110202e+02 ; -7.222654e+01 ; 4.079398e+02 ];
omc_error_18 = [ 1.080152e-02 ; 8.306981e-03 ; 1.999538e-02 ];
Tc_error_18  = [ 3.404461e+00 ; 4.122431e+00 ; 4.348269e+00 ];

%-- Image #19:
omc_19 = [ 2.215882e+00 ; 1.750886e+00 ; -6.029186e-01 ];
Tc_19  = [ -1.688914e+02 ; -9.529969e+01 ; 3.978941e+02 ];
omc_error_19 = [ 8.091129e-03 ; 9.748996e-03 ; 1.681377e-02 ];
Tc_error_19  = [ 3.368131e+00 ; 3.916390e+00 ; 3.846537e+00 ];

%-- Image #20:
omc_20 = [ -1.845282e+00 ; -2.046522e+00 ; 3.989122e-01 ];
Tc_20  = [ -2.542343e+01 ; -8.790449e+01 ; 4.752774e+02 ];
omc_error_20 = [ 1.271468e-02 ; 1.306759e-02 ; 2.395314e-02 ];
Tc_error_20  = [ 3.972909e+00 ; 4.551067e+00 ; 5.053983e+00 ];

%-- Image #21:
omc_21 = [ -1.725855e+00 ; -2.371351e+00 ; 4.703878e-01 ];
Tc_21  = [ -2.037325e+02 ; -1.190965e+02 ; 5.281662e+02 ];
omc_error_21 = [ 1.278785e-02 ; 1.084977e-02 ; 2.121010e-02 ];
Tc_error_21  = [ 4.604169e+00 ; 5.255889e+00 ; 5.862805e+00 ];

%-- Image #22:
omc_22 = [ 1.901947e+00 ; 2.347846e+00 ; -6.798227e-01 ];
Tc_22  = [ -1.406342e+02 ; -1.216293e+02 ; 4.320396e+02 ];
omc_error_22 = [ 5.956018e-03 ; 1.234734e-02 ; 1.921016e-02 ];
Tc_error_22  = [ 3.673940e+00 ; 4.230535e+00 ; 4.205748e+00 ];

%-- Image #23:
omc_23 = [ 1.934210e+00 ; 2.206427e+00 ; 6.280530e-01 ];
